500
16273290 17354124
2307528 61085015
2289709 92090957
4356127 85414105
35400002 85577635
31181466 52201723
71179801 82785543
3846458 7163433
53096193 79145609
22794168 39883301
40798569 82870965
9034707 87006160
15095881 77655570
44396480 96713566
74652600 91230559
1736426 10417511
8233709 44888965
484294 85254830
10331663 36388498
13895622 93425325
33041931 71133785
418976 603144
5702614 30279843
5954070 37195118
2978698 17558292
19888559 21631640
80277714 93637918
16888871 27173242
2480873 92295411
11160608 32320668
34437568 43151406
5000723 8300744
15824757 21958090
623574 3269099
39952102 47976969
62533976 79991998
5375259 57953885
552004 2507314
8611196 15033745
2710266 2803415
13576825 34943338
36148263 100644420
9024452 19025756
6175981 8914474
66248861 72688782
84127833 101234924
17969776 80126182
54355091 79164654
28510037 46011564
37351590 74918768
14212217 80526659
145127 164147
32948049 52329526
59652813 89971088
18507973 27202510
9738619 31803445
12688058 12964528
21076241 23701342
42123982 45535506
3244784 19526793
8659893 13229085
16853618 26493238
13149441 45691728
71328082 102264142
13903858 25518486
28530006 63248580
37461953 97202690
25345890 27447213
56511635 59336758
36975908 85112566
59426450 76234026
23672337 58371373
2033519 86419074
56923111 97555715
16330269 21880811
99004 8635342
462606 588645
30664988 36420002
7628323 9680061
26410701 43319472
2371729 34642923
10151908 10222100
29027832 44987052
14444930 51093738
5008189 22817436
37792214 42731563
11085120 12223727
71784300 90520731
22508140 55589242
10205258 33662261
25380064 38487447
33948387 93508420
7918804 22551899
55721938 90453579
40785054 66586650
21546137 104605291
79617336 83987823
10676059 32925319
85016704 93709184
32597109 34089107
51787395 55062865
13318771 21190382
8923963 25425150
8553414 40121132
17621645 84862274
27189531 56751806
41154876 60519028
938011 83660892
7318088 11161551
41223235 65422495
49100163 52469541
15101116 37006090
35642579 64908609
9213214 65389139
81561088 87960285
92242513 98399202
66058546 67931154
12620255 18077936
69378136 70025979
28217763 67394986
23661187 72058863
28536088 50025356
5526510 50803037
74653687 90953425
3120168 35107409
3590122 7563218
56304374 89035737
99967033 102037000
11959186 25611309
10907721 79293771
38114389 44418992
43279975 93272121
3392543 23787129
1169230 6860252
6367038 69751069
33486618 63606647
4076398 9732581
84980256 91167471
19941583 67165140
5967856 7693102
43682985 93595012
18639629 22046977
2142784 72452678
5125578 26970221
3285741 10213156
1510673 5771192
15057547 78650673
2051525 71393227
27969981 32092083
26049152 63313944
5069434 6628954
23813766 88395636
34386171 71063645
21440565 22242317
17982607 79646590
645865 69472756
51057194 62985754
19925519 77710511
733185 1131063
2587298 12781673
21971346 50244472
23840606 68312707
8546454 16209570
49628418 57079884
19948776 84233683
6495025 18378929
9620508 31523192
10066497 45900934
1903935 11936541
65493782 69777227
3066754 64581418
20963239 32139718
8233096 77529900
5063652 10725360
8002884 92836761
38221271 56203487
2690247 3669398
38651062 98086861
65230152 89923829
31259113 43402968
18543647 68764407
43125840 75681519
7803710 13114822
38667840 40980319
5315549 64333109
731004 14842298
34687865 42309880
12265129 25518102
36782324 73921505
60219364 65906635
6225086 34296612
77857608 99021196
1420940 21683073
9637328 12587071
41151963 73684346
37284778 98590716
21843486 35603389
25822025 44050850
238392 477912
10449817 59609760
24580522 47238832
15268906 98055647
10258442 42022936
67326451 91036612
82808922 85162998
36246249 49541669
16785088 64034818
72466318 74332856
16883365 53813900
734940 98941462
12814208 54601645
34747183 61484487
62665744 69164331
57653784 62969149
62867090 78244637
28889153 88981931
364289 32421543
13527858 30823682
52071904 87318728
34716428 60513273
30536773 51551299
1126718 1668526
39923466 50719182
4525014 42914439
6804153 89075663
30102265 50649722
3035739 12373197
75600222 103728104
7496034 72898168
2855629 33674181
13239023 16154000
24635964 44175926
62970098 91289147
42321420 46217675
34809696 64732292
11901162 78386896
3261721 6841270
3151926 21443366
45128202 65874480
4091306 14917704
3266745 9030668
35690200 72942966
8295622 94525097
48847162 54713895
52186609 79457931
716654 2124527
83887264 91845630
33426576 67378977
59691961 86810227
13908227 48719193
48244667 57314859
26752813 90604479
62720618 66318497
7200543 72689452
7107143 10791965
15273756 17265677
3295634 18907016
19486193 32190704
44685316 87312132
6082306 37415062
1079775 25632430
34540641 45096791
20613190 40759455
32284772 61449203
48340280 50537452
21903708 80389528
27864649 48094138
23819239 35546941
13314802 87631138
92952702 103985379
7894729 50375421
10287972 23417707
6407159 36434722
5977661 11881264
842368 12702567
39019797 67741029
26252420 76670728
21886914 65980165
68733819 88041405
89153207 98183369
2694619 9092014
65548843 81533754
743175 102000237
45682023 64763445
44701317 103138209
47759680 73285781
70864684 86171036
96166092 101610197
22997260 44957027
3105215 5983401
2557621 7056492
39810958 44195563
26196719 103637757
67079972 99874767
7056371 18466925
47806931 84467388
61243687 92976451
35561298 49789460
34678885 87610855
93158633 101909986
2863213 23468674
579928 26282715
13596448 36655901
7837884 11236342
57261224 95673502
34581938 37712577
20991971 51878633
34095967 80108343
26577833 32749052
6264222 98072070
42993299 86287255
10485053 54958085
24439048 25264589
24870129 29378780
12434875 29552460
49198 290944
21210944 52793576
906544 9533054
28473840 89986185
85415710 88168972
38285479 43707046
16523496 26274628
11640875 27797319
29301188 70702366
71640985 73492573
43026231 59505768
39106834 41773879
22527523 58397047
4988553 22136903
77923027 84879634
14680862 18280072
12635635 35988032
13657834 24921136
60838564 78222768
9896319 10477510
5849228 6814821
42616277 61046051
78186723 102390921
88252555 100178434
102399776 103885719
44476799 84958709
57282706 69098491
46746 542312
4118895 80555832
14703544 48901908
59762749 62339490
49141435 64235511
2225504 21486212
19597170 63306842
7464819 49056887
4560789 39025246
1721197 66417042
555937 15641230
9679859 15505840
13650636 16258590
3828276 7313975
36954490 64601745
16019711 18608076
14295417 31970640
23581466 60040211
35236473 63189854
4818999 72476967
4993380 8173721
9341162 34952477
827829 53441329
64269108 102075475
1213004 31375472
29248988 87252617
25279447 88673340
53265231 55450185
27070996 29064528
13491243 16523692
37722997 59020680
16806881 37858021
11301726 31103479
1906751 50129250
13488366 36615736
19668838 34306856
72459149 99157339
23909491 61405444
4659897 49228152
16992234 21914232
31543401 58285760
16836507 36992130
75534535 100057124
3031941 4838522
60790936 89362414
20927553 28922368
7511352 102832900
17981894 19754498
10470420 23516911
255729 5119427
45971295 61690826
19611074 83670778
2746604 27356477
64128403 64740198
8839212 11400788
41685816 46748500
41165413 43423686
7643824 44186343
2259336 9855063
17016543 46308588
23694294 38248620
4613904 7643993
8075234 11124341
13298614 66600754
2802367 24813912
10212651 38688605
4044079 17857662
17795450 25780689
23227912 80677925
826856 17562607
3962604 88775027
1034232 8192094
6669577 7358166
50771223 99976770
90769931 98226090
54676530 70543992
29978888 44217425
18757607 52010506
93085247 103053555
10418305 84060011
18074830 49299518
8218833 81082259
29355239 42907264
29773769 49140593
1204014 3988681
20574152 54408475
24245682 102646341
33511237 83749571
6109105 15926534
20637760 71600763
2850347 35394787
14403489 50498776
2111965 2607399
7681063 8744554
58283330 100701183
39863549 72515432
2692328 72982357
1663809 2575539
831068 2484249
1416042 22172447
31260209 42319298
101191728 102005112
39148749 89855147
35604447 84397153
24238066 39829920
10311415 12770176
51387308 54470591
14556816 19252759
19342510 51902888
63465845 65066220
12534853 50464086
783464 1967637
52203242 59144914
6560538 69660266
12994831 20153269
19768386 55051200
33927747 71430214
36721972 87075547
30659476 31922818
55476345 62219361
42362832 86372064
34608424 70061450
18603944 89609738
5793902 20393037
20931700 36148867
18566720 24852179
35870167 74998150
15601321 25575686
1365499 15705762
46489445 60437084
38084575 98186343
10597003 10633786
1018624 36300906
31272549 65423308
23866788 47865145
9285638 94709026
11399719 22460113
94409013 103500003
10419587 100656134
29774216 30570718
1006768 15657451
88779335 100689347
4533579 54033171
22767274 34358941
28439240 28603129
40817127 47866469
29244091 89400874
38698136 50531828
74522016 100040614
47033847 66727480
1787516 3282416
34719739 54129141
10318922 24542335
579186 987668
33466917 39662920
1552049 23863591
28111642 67133918
6778047 13933580
