500
613899
67035
155937
226942
17848
977612
586365
668596
592910
30320
410531
946036
567736
2033
893692
378640
696074
1005186
211337
1028139
510076
1003545
316673
682435
866756
18377
611807
883368
373923
471305
819145
740329
990628
254971
151309
312796
420582
718631
567364
3629
595429
119502
65919
754938
346354
366799
948553
663317
464776
481232
681069
55221
615387
649902
957388
155841
680954
730202
365665
35009
128009
751330
673178
774201
7098
3042
394976
1046633
201439
558542
842237
702831
519689
352050
140487
371043
22680
644339
941079
188466
321223
982952
468303
989204
760554
791629
505723
382553
823659
461504
713450
420758
361002
959920
65103
959954
526163
935211
569743
116579
633132
631819
1042611
440243
547758
1024040
1455
715582
373551
979120
429965
985372
813296
194023
570281
615375
441130
138119
33944
858027
304217
447934
639870
464348
129457
512050
635806
863296
284796
146556
335761
684860
856868
60003
176329
629562
913533
113070
423045
893456
791348
835920
22466
925965
705082
930546
583156
744399
30563
51167
188962
660069
756023
217376
265774
223171
77146
875130
977003
349253
417511
691346
583070
243679
848745
725691
42485
941376
6784
36574
101968
245850
728001
472109
492611
879668
527903
784001
537046
897823
93165
134937
519760
179648
785714
231314
146988
829617
704423
361349
256335
926079
480398
323167
52280
892478
397817
523105
874947
531743
1024103
75363
706402
715455
43867
1011454
210228
95051
19942
827768
437302
709256
154062
658366
223062
672022
865050
735863
340996
1043493
969835
444378
720910
129916
794047
435020
1043376
458480
943968
242514
17090
733775
536497
572865
603444
959464
593002
952473
786053
670128
492743
56374
778705
915915
212449
545918
935226
726754
78604
1028935
58880
304945
454965
172035
195245
877123
901613
349478
783039
286554
276897
236867
253395
501624
511525
256247
867533
906411
732451
409606
689404
165557
537373
471498
756096
445696
602792
493064
536046
277919
525804
808345
420780
164961
946293
796477
138047
384445
439646
87616
812347
422456
216344
744075
909105
347420
234444
797297
800248
56050
86008
549884
284824
692325
55645
593495
704713
766299
763381
418433
1039575
40402
794684
390881
930776
800015
27310
520731
469604
684319
570351
90594
515577
391120
559851
292196
950963
878317
185321
7766
647256
451982
737493
21894
478123
664015
242951
682138
266900
476180
727329
830743
536070
897791
779620
416817
835977
225480
218618
72581
53345
540238
697830
901153
505264
220503
947719
846816
372068
460259
534969
760605
162489
858355
158870
854531
618733
822165
745272
143013
530546
506877
682430
775739
337523
162385
291891
238955
1033140
172304
649474
589143
314840
566493
258950
599673
770705
977367
490654
262945
301347
143819
660384
925617
493800
886095
97542
947101
60627
883626
240370
1031017
928719
474100
46260
330251
599548
697422
396814
685704
123883
281913
304171
825072
7935
885903
741097
972084
152950
417016
466809
318687
416026
572934
706109
350619
598
349561
755417
785540
482224
14089
877016
468218
1025797
110688
245775
255524
348495
238727
260063
506166
986422
556021
253427
74188
686362
674245
491931
965447
711832
656569
765406
868126
232670
776008
264517
745208
132066
112179
122066
944406
169475
475670
692094
756975
939792
602423
385964
711960
35008
783216
869654
493995
769190
348024
898906
73899
32718
153297
226076
525155
105293
540028
705288
681526
642138
97755
424112
930744
151718
309426
729345
885578
366122
653862
418413
58812
786877
471135
